sgbm
Art: 17.647107945000105
Dolls: 22.945958365777738
Reindeer: 18.690255978172306
Average PSNR score: 19.76110742965005

psmnet
Art: 19.847095705008847
Dolls: 21.44987160514335
Reindeer: 19.226796499084557
Average PSNR score: 20.17458793641225

sgbm-psmnet
Art: 21.193373713365897
Dolls: 22.700798084164965
Reindeer: 21.072991080149762
Average PSNR score: 21.655720959226873